13
22
19 1  1000 740
0 97.9647 722 559 whale.jpg 0
1 94.7946 337 148 shark.jpg 0
2 11.3008 355 309 dolphin.png 0
3 0 208 465 fish.jpg 0
4 0 557 308 turtle.jpg 0
5 0 474 459 rare_fish.jpg 0
6 0 749 308 octopus.jpg 0
7 0 639 80 fisherman.jpg 0
8 0 41 39 kind_shark.png 0
9 0 421 611 plancton.png 0
10 0 379 19 orca.png 0
11 0 183 611 coral.jpg 0
12 0 7 355 penguin.jpg 0
0 11 3 50
1 11 5 50
2 9 0 85
3 3 6 12
4 3 12 25
5 1 8 33
6 10 8 35
7 12 1 25
8 3 1 15
9 3 2 15
10 3 4 15
11 2 1 18
12 12 10 20
13 3 7 35
14 5 7 1
15 6 7 20
16 2 10 25
17 6 2 25
18 7 1 3
19 1 7 5
20 10 7 7
21 0 7 10
