13
22
19 1  1000 740
0 100 724 561 whale.jpg 0
1 100 339 150 shark.jpg 0
2 100 357 311 dolphin.png 0
3 100 210 467 fish.jpg 0
4 100 559 310 turtle.jpg 0
5 100 476 461 rare_fish.jpg 0
6 100 751 310 octopus.jpg 0
7 100 641 82 fisherman.jpg 0
8 100 43 41 kind_shark.png 0
9 100 423 613 plancton.png 0
10 100 253 22 orca.png 0
11 100 185 613 coral.jpg 0
12 100 113 297 penguin.jpg 0
0 11 3 50
1 11 5 50
2 9 0 85
3 3 6 12
4 3 12 25
5 1 8 33 
6 10 8 35
7 12 1 25
8 3 1 15
9 3 2 15
10 3 4 15
11 2 1 18
12 12 10 20
13 3 7 35
14 5 7 1
15 6 7 20
16 2 10 25
17 6 2 25
18 7 1 3
19 1 7 5
20 10 7 7
21 0 7 10