13
22
19 1  1000 740
0 100 724 561 whale.jpg 0
1 100 339 150 shark.jpg 0
2 100 357 311 dolphin.png 0
3 100 210 467 fish.jpg 0
4 100 559 310 turtle.jpg 0
5 100 476 461 rare_fish.jpg 0
6 100 751 310 octopus.jpg 0
7 100 641 82 fisherman.jpg 0
8 100 43 41 kind_shark.png 0
9 100 423 613 plancton.png 0
10 100 253 22 orca.png 0
11 100 185 613 coral.jpg 0
12 100 113 297 penguin.jpg 0
0 3 11 50
1 5 11 50
2 0 9 85
3 6 3 12
4 12 3 25
5 8 1 33 
6 8 10 35
7 1 12 25
8 1 3 15
9 2 3 15
10 4 3 15
11 1 2 18
12 10 12 20
13 7 3 35
14 7 5 1
15 7 6 20
16 10 2 25
17 2 6 25
18 1 7 3
19 7 1 5
20 7 10 7
21 7 0 10